RECORD SUBMISSION: N=26 Triangles in Triangle
Found by: [YOUR NAME]
Method: Basinhopping + L-BFGS-B (Numba Accelerated)
Container Side Length (s): 5.406377802786
--------------------------------------------------
Format: Triangle index | x-center | y-center | rotation(rad)
--------------------------------------------------
 1 |   3.4063775071 |   0.0000003365 |   1.0471978236
 2 |   1.9063775244 |  -0.8660252726 |   1.0471975162
 3 |  -0.2036810535 |   2.0836749296 |   1.0471724488
 4 |   1.4063775273 |  -1.7320506530 |   4.1887902239
 5 |  -2.2031833089 |  -2.0839652451 |   6.2831919050
 6 |  -1.7031893246 |  -2.9499949689 |   3.1415996533
 7 |   1.6334481885 |   1.0974614127 |   6.9707747740
 8 |   2.9060794160 |   0.8660272558 |   2.0942250500
 9 |  -0.7031670469 |   1.2173508304 |   2.0943703155
10 |  -0.7031890762 |   2.9500099502 |   6.2831852361
11 |  -1.7031890249 |   1.2173908346 |   1.0471975778
12 |  -0.7031890504 |  -2.9500032896 |   2.0944018094
13 |  -1.7031889636 |   2.9500095915 |   5.2359877886
14 |  -1.7031890119 |  -1.2179362777 |   3.1415992164
15 |  -2.2031889846 |   3.8160349091 |   4.1887901831
16 |   4.4063777610 |  -0.0000000876 |  -0.0000000196
17 |  -2.2031888792 |   2.0839839012 |   2.0943952802
18 |  -2.2031854485 |  -3.8160327528 |   2.0943947642
19 |  -0.2031839312 |  -2.0839799280 |   5.2359944392
20 |   0.6341412318 |   0.4513841446 |   1.5074879727
21 |  -2.2031886757 |   0.3513654761 |   0.0000001366
22 |  -0.7031890502 |  -1.2179574002 |   4.1887967251
23 |   2.9063776861 |  -0.8660253665 |   6.2831854021
24 |  -0.8122067708 |  -0.0002845006 |   5.2359602849
25 |   0.7965520215 |   2.0838353882 |   6.2828909184
26 |   0.5204527977 |  -0.5434164566 |   2.5546858461
